9149
138906
750
84340
616
161442
13750
50410
48241
74505
34693
73802
56155
70925
59669
93858
88876
72544
71147
79905
44905
57362
70275
88427
97339
89052
109354
170862
113157
97977
71182
98704
96657
97937
76374
102285
83669
72026
85853
106408
96325
107357
63475
109477
105044
118524
110286
124597
128162
119243
119086
138547
135664
120485
132809
129251
96112
83370
73977
90940
73968
94985
77126
91854
133714
140357
203784
98884
153555
286461
132676
153998
130043
151708
142881
254816
142248
167026
155546
171573
193606
169079
158590
156451
172242
177688
158861
179651
123066
173082
171144
181423
121316
132565
193283
179830
177838
586191
181753
184420
237557
215553
201452
230233
194089
205790
199695
207961
224490
213744
207283
213953
223042
151721
165545
220688
232226
229710
7167061
508212
279127
239952
1066158
248075
259530
248624
272611
248225
284318
274132
280068
271549
278657
260790
279184
273361
217312
183199
221783
211380
307495
275427
313660
262523
686484
287021
340046
290344
3185850
274511
226408
289448
328638
291847
202297
281015
303713
298820
205174
308138
209778
578816
215413
286584
205334
341339
229856
212099
218253
244568
220063
264273
346914
263470
256157
309128
583817
236858
250272
189044
245760
3379719
268552
223051
3274175
206587
285225
218047
224816
208371
270751
222103
265497
234631
285362
233974
116216
127062
125487
228363
229922
236981
238206
234150
236573
229422
240644
232720
246977
227754
223903
223494
252861
241217
226956
228688
235614
255412
306601
251555
316367
259914
266045
1271317
357390
406237
255159
1018469
250518
256101
256761
248012
238511
291334
869233
667145
495728
275627
282626
247067
261681
80815
264492
41922
102433
44816
57310
41426
53894
41558
257370
52109
1304182
62020
1314429
46149
249222
51241
275602
44716
248939
49833
212424
28940
194490
33007
214192
32718
322732
52992
273065
52998
282432
41879
275110
28774
202566
29452
227473
29086
204565
29087
359692
33924
205706
34116
232107
46911
225226
38339
307033
81808
426997
47885
265623
54769
282529
53545
285996
54368
283416
284122
340739
57087
490811
91758
429277
55280
780779
52732
314438
56420
298796
56878
304290
283919
314605
87553
1165735
52213
349604
141114
554514
137726
331149
58080
326685
368250
280039
31721
250172
29492
266622
33064
263709
49108
283447
50129
313619
41881
376262
56447
593165
38965
308928
57795
318270
56131
327757
97455
265819
215410
324033
683590
2188702
2003552
406281
504769
808151
371680
362182
401693
393284
404963
329587
367730
365218
332989
894518
446889
373046
508363
359483
389682
522340
418881
590288
564849
417384
393710
382525
480966
887891
388260
385826
460958
409406
235205
359862
354052
397057
371993
360254
401455
417937
431008
400527
444966
1875158
429466
397440
509466
402789
499641
408992
511434
380004
504414
404671
515307
386140
517491
419074
735019
389409
543018
439159
523841
388174
513653
409205
512513
424638
522107
422939
524616
549277
357486
427212
462466
428495
465660
1066310
524546
444817
82758
559349
47419
425226
44316
441634
43455
436392
37696
599205
28353
322756
23931
413914
43396
462116
41311
434030
43146
531507
47681
1193923
36678
349282
23616
470186
50762
6677170
74485
766245
44458
460437
41658
490278
47859
360278
39565
443851
45257
439676
25053
348244
41886
417949
42713
1292089
102768
575838
515891
849260
48419
400688
46070
491833
48039
550575
32284
5102336
46149
147861
43627
107044
40313
131797
43938
118095
25313
108893
25617
124017
25176
93209
40325
102869
25177
143434
57319
144662
43062
314606
51058
130915
62989
142178
43979
211160
76293
3473699
61456
207410
26067
91197
24308
102338
24392
133152
47251
115483
36826
96423
27868
270742
43646
555338
161883
146298
29435
105729
25002
96004
24711
95645
69381
121334
110080
134650
48983
240529
45815
168042
42376
141837
40615
104583
38696
143307
28271
131614
26393
103088
43010
259625
76353
606886
29682
259072
32183
110895
43364
133627
25816
327659
44406
134687
1002223
145557
1096691
143150
42610
144174
47557
147232
44278
149867
45334
140054
66418
171766
62241
143692
45229
146871
39647
136422
44380
144621
41051
144153
45066
161080
41888
113886
26137
106470
27339
113942
26595
141063
32661
154020
44240
151942
46060
254510
46087
151747
63847
154803
34716
106710
25746
154563
43456
146748
46066
144586
44486
151256
43237
554815
44856
154294
68853
175538
44058
155790
45545
255372
45807
154752
139796
172094
44400
153552
44079
156653
45644
236856
67945
166370
66498
157881
62249
266394
93471
151590
62967
162261
67893
179893
43301
172369
684166
151991
44554
161830
50046
171077
44216
166293
65587
174057
62135
176227
300814
1897923
47830
164474
46457
2510521
47373
188212
42486
121536
27732
129148
26635
115027
82308
156678
47217
155724
47523
165902
52742
143247
49619
153870
49447
165314
53346
178021
52829
277183
57986
181759
75900
176715
46567
129913
41860
166553
53290
127819
53237
135144
31945
134846
50570
148235
53303
170236
53694
274154
55273
177710
51629
167889
53909
179503
52501
178587
38920
144512
80486
195550
69413
197780
56408
169220
47814
151899
32302
142814
32075
139415
32112
181406
58067
141342
77901
152512
32894
176820
55708
180360
74606
175711
50958
173442
60264
215663
56212
182056
57042
208827
55976
196094
53288
180246
51890
212022
52198
175790
128734
187608
56590
183400
55089
180656
54818
181680
52517
262438
73575
224312
55834
181210
49138
191161
55117
186001
53651
184951
52716
180135
54287
185153
55319
186933
57048
194657
56704
192658
54122
317308
54824
253952
85244
207271
61513
199580
82403
190006
63158
204398
56610
197327
56924
194675
69313
196164
97665
413515
79119
739900
86944
622029
40757
2133682
50549
144302
33546
196183
57865
243474
37759
334314
85859
996547
38250
244541
33826
146502
35432
337070
54151
192577
61194
175318
61472
187557
35124
147130
33956
146152
33562
148987
33577
190916
57261
205891
61872
342748
78665
192464
73594
463084
38950
540147
92271
382300
54306
344405
86980
239119
60095
163634
35917
161417
34853
147707
33940
149201
34947
150212
35111
223718
34955
151332
34060
281276
61923
585247
92883
392755
53371
151383
35270
179121
34906
148690
34110
219665
56951
158741
35659
152565
58204
204235
79355
323050
89958
204606
201544
490084
57485
223123
35758
149246
34674
153581
35490
152777
36759
177664
78972
154976
40290
175875
49736
212426
64069
512109
105112
688664
62033
211768
94242
163648
35991
219011
36377
223210
48792
161112
48586
422065
56251
661245
54647
217732
55319
214254
1611990
231658
62410
2464946
77480
320826
89397
474084
48738
267892
35952
211771
60984
212635
60512
325813
56850
180205
36927
172822
35837
272224
37076
233985
58943
171828
36507
286207
52540
593526
68683
225534
61731
230837
58747
1062133
157993
399256
59247
186723
43038
201655
38262
220420
61363
692922
65212
297971
74954
290018
64901
316519
53727
236685
63451
236629
63241
232526
37539
188890
202514
354421
149818
266230
62100
230357
61856
231155
61626
228842
57145
254331
99595
239119
58129
326709
62253
245630
67215
236401
170087
268145
64595
236971
63946
237147
62810
243253
65699
243091
63999
235675
64271
236884
65155
246683
65103
238633
58621
239661
63434
248214
61867
244322
43890
176330
45143
179298
37992
173180
37935
232348
38681
255952
84772
263333
64188
2092937
44723
179570
37877
202672
38484
183080
38474
181810
38461
198514
38327
179955
63991
245670
65200
249269
62754
245894
67584
245116
62628
346843
62376
243426
61562
255056
71285
247454
97059
272173
64753
277202
87162
247102
138640
268791
87070
280409
52980
205680
39785
188588
42687
190658
59510
186371
40554
257153
63861
196517
39803
189339
38812
190366
39084
209792
62687
206916
39458
189339
38821
250214
68380
250299
68688
196778
43477
247966
64793
265824
77908
349144
68152
260717
62818
259683
66697
250952
68284
275958
67646
303585
71566
269250
70852
263202
76262
270590
69155
268456
90011
302762
70815
274955
70758
380469
62708
242599
79827
248840
66292
3078840
607603
1108727
67999
1113190
71688
1117403
67878
1094616
70422
1306940
79618
1156406
77853
1173495
11690186
1130397
74720
1957434
73699
1263768
71531
1557056
111612
1202961
77163
1181576
71580
1392839
154982
2177067
71032
1329296
75270
730359
110707
277758
75124
284882
75630
656903
77285
269618
70887
266690
108491
704974
165223
355422
77935
294164
72832
288772
77952
273236
76609
278004
77678
274861
92481
519974
102450
282726
72507
281434
78110
277831
86285
279825
72296
272447
78764
987919
156336
297436
87826
552836
116438
1217343
76687
287351
78040
293482
553639
299480
71975
392438
72999
248010
46596
211619
45329
304815
82567
294234
74601
298269
100108
609017
460146
723720
91165
414524
72374
273513
78798
289514
72941
295300
169605
311931
84050
229494
50874
2588578
59529
827727
48379
313180
80954
316577
82734
276546
81543
288507
220547
957424
142234
298221
80034
289714
79791
312241
80452
311584
774505
3873259
95742
310318
83885
306613
69943
290872
3253729
461306
83437
397370
78473
296396
85093
349798
117501
311070
144733
3323732
121579
751478
665973
314833
96169
316508
88035
308484
58759
224799
84310
318130
84033
316445
86473
320884
99535
299488
81197
314336
81946
242932
87504
311428
58679
237810
51241
309866
51836
264670
51517
270452
59821
233384
50859
235258
50979
236580
54421
234399
51205
233481
51248
321635
85520
320993
80910
307950
106739
419646
57675
268644
79448
240141
77438
234072
51739
238596
96810
240612
55130
238302
51692
245945
51919
424603
79267
247403
54963
255982
51706
253535
53444
240646
51584
264560
90513
325189
86755
246734
56435
244977
86727
324962
86972
329217
80703
338444
89943
327842
88118
343329
185506
341157
110995
1528301
83282
338171
87333
544008
91987
343532
89321
342885
89291
345726
90087
338519
120048
377437
85260
317297
86373
324608
88511
319153
76518
355020
77508
315462
89664
346965
88759
333276
130367
3275739
101566
1658303
107733
324990
81461
365012
98385
323175
78932
331925
86996
343955
103337
350832
751536
336052
84313
332242
82895
337638
83008
463860
238452
362456
105261
460854
88515
338708
109042
338455
85242
344164
74814
592847
85856
3745987
115795
2331647
87011
344790
89685
440954
112307
377421
87383
397004
87593
352060
73422
7366668
92154
362461
121831
342676
108839
370721
192379
352478
80423
610420
491831
352929
78806
1618766
89217
472948
88777
356967
1065334
555603
92469
693681
92112
353579
4491197
484870
88145
364048
87921
366192
88003
363525
88363
340573
86593
1026367
78687
345179
88106
341139
85893
352661
85338
348766
86531
282762
79253
375580
88799
2736873
188175
357479
239513
401890
90740
966604
90034
387208
2604665
344349
80578
346731
85512
346487
82484
343558
3558296
955042
86383
352013
89881
617307
106468
1601995
86336
367819
123975
4885174
93605
3957474
66484
2460662
93557
1456155
105959
1509328
298621
3371773
97457
1500401
93430
10709
207496
1339
189647
1338
148594
27220
154394
22311
164658
38822
200803
54886
140562
181168
186077
87907
223560
103971
155734
118697
261936
133422
298527
151271
243640
206603
323068
83891
226237
90138
128514
110219
185631
12048
262382
15618
97724
25881
118697
19634
53993
37483
67380
27666
124051
28112
67380
29005
75413
30790
86122
31236
87015
33020
105310
34359
84337
32128
101294
39268
35699
23650
42392
37483
56225
40606
53547
24989
48639
26327
53994
44176
49978
45961
51316
66934
50870
49532
37037
51316
55332
54440
68273
57563
52208
56671
52209
33467
53994
62472
37930
34806
52655
59795
55778
2486381
70058
44177
54440
62472
54886
65149
51317
66042
56225
69611
54440
52209
57563
70504
37930
109326
53547
74073
54886
66042
55778
75412
62918
70504
59794
84337
58903
77198
57564
79875
62026
86122
62025
87907
1321280
82106
62918
80767
61579
84784
62472
82106
57564
86568
59348
91477
63364
743415
59349
100848
64703
99508
64257
260150
91031
90584
55333
137438
58010
100847
58903
96832
58010
105756
56671
97724
58009
97724
62472
137438
62026
104417
61133
102632
62472
116020
62025
107987
59348
116465
280231
119143
62471
124052
206158
122712
62026
119143
60687
120482
59349
136992
57117
121374
110218
129406
53993
142347
58456
123605
58902
124051
62026
121374
61580
125390
55333
127175
64703
172690
58009
132083
60687
136100
62471
912536
62472
143240
61580
145024
60687
141008
62918
157964
220882
178937
60241
140562
62471
199018
58455
162873
357875
186077
69611
149486
65150
153949
65149
152610
57564
157072
66488
831322
62026
93708
37037
121820
61133
158857
62472
157518
63365
162427
63364
342257
40606
97724
62026
165550
64703
99955
38375
101740
39714
105756
39715
109326
61134
1083887
66041
107987
38822
116912
40161
107987
56225
110218
49085
148147
68273
111557
41499
269968
43284
113342
62472
173137
75859
193217
43730
643015
56225
132083
50424
125390
53993
196787
66488
120481
65149
163319
46408
186077
42392
192324
40161
120928
65596
241409
49531
197679
42838
597945
56225
122266
39715
203033
40161
181169
50424
121374
39714
129406
59795
143685
41053
125836
71396
126729
64703
140561
60240
548414
59795
145916
42392
182507
42392
129852
56671
134314
41946
132084
55333
209280
45069
173583
43284
133868
42838
145024
44176
585450
56225
140116
44177
249442
59349
149933
72289
148147
73628
265060
162873
175367
48193
280231
1113785
282908
83891
672465
80321
258813
63810
238731
76304
248102
75412
178044
75413
190094
74967
187415
80321
176706
90138
1122263
61133
187416
75412
176260
66042
163766
77197
164658
78982
270414
61579
233377
49532
180722
49085
177152
77643
668895
81660
194109
63365
196787
76751
185184
66042
196340
61579
204372
87460
275323
67380
188308
69165
1043727
77198
343596
53101
174921
50424
188309
49531
202141
86122
296295
71842
393573
103971
704147
123605
199017
50870
195894
65596
212405
52655
200356
49978
335117
64257
193663
62472
203927
53101
607762
69165
207496
71396
208835
67827
214636
67827
207496
53547
195001
51316
200803
51762
762157
74966
212405
70504
213297
71397
216421
70057
240071
85676
213744
77644
233823
60687
612225
67826
202587
89691
273091
87460
240517
82106
253904
53547
227577
54886
204372
53993
616241
73181
241410
71842
224899
72735
344934
73182
220436
71843
318161
92815
341811
93708
1240067
91030
367245
91923
354305
92815
310128
58010
234270
91476
216420
55778
628735
100848
337349
73627
248549
73181
238732
75859
336456
74520
231146
87015
777775
95493
311467
73182
224899
57117
236501
58456
238286
96832
309682
73181
332439
62918
635428
77197
243640
88799
262382
106202
288264
122267
319499
103525
423470
66042
1016061
99062
257474
67827
257474
106648
538150
114681
406067
82106
343149
80768
652385
60687
252565
75412
372153
69611
281570
77644
328423
74966
311467
87461
247210
93262
266398
75413
237393
62025
257920
80321
248995
62472
738507
100847
249887
80321
263721
79875
257473
80321
270860
82999
265505
81660
700131
62918
248549
62026
249441
62918
250780
62472
263721
75412
658632
70058
274876
80767
350289
97724
281124
89692
279785
85676
291386
83445
696562
64257
280677
65595
278446
64257
278892
64256
390450
141900
1059345
106649
382417
190539
322623
74520
404729
110664
381079
107541
1066931
66488
427933
108880
374832
108879
263721
111557
496205
114235
484158
109772
3099498
121374
511824
112450
5253885
1757691
486835
115126
495759
191432
1137434
110664
1145913
128513
480142
107541
515840
117358
464077
68719
1117355
131191
423470
112450
561354
112449
438642
118251
500667
113788
880853
118250
471663
120482
525211
123605
404729
115573
934401
70504
484603
124944
396250
70504
427486
72289
623381
72735
983486
117805
601069
125390
430609
120035
520302
119589
525210
120036
1095043
121374
400267
120036
427932
122266
545290
122266
407852
117358
1177595
116465
695669
129406
544398
132084
543059
134760
964744
123606
547521
123159
509592
127175
606870
137438
551538
124497
1316372
132083
520302
108879
551091
124943
489958
464969
1406510
126283
550199
128514
543506
76752
429717
124497
503345
131637
1542163
128960
679605
145470
453813
201249
471662
134314
1000889
149487
581881
126283
487727
130299
581881
129852
588128
128960
1108876
126282
505129
132083
740292
135653
497097
128960
1066038
136100
571172
136546
506915
132976
429717
131191
859435
79875
579204
142346
577865
133868
601068
130745
459168
158857
635874
134761
369477
132529
364121
132083
613117
142793
1346270
141454
581435
101740
582327
134315
523425
133422
1015168
83444
457383
82106
490405
134760
594821
135207
954035
141901
542613
133868
479694
144131
605977
128067
1124494
142793
560462
135207
592591
140562
509592
138777
986609
136099
447567
137438
552430
139670
587682
138777
872375
141455
436857
138330
601068
139670
584559
138777
1344484
139223
360106
137438
596160
140561
447566
142793
907627
140562
592144
138777
540382
124944
614456
130298
1182949
144131
611332
144578
1439977
211512
472555
169120
1149036
145024
611779
143685
512270
142347
1138773
140116
422578
141008
359660
87014
615794
133422
1066931
147256
584112
146363
473894
145470
598837
149486
1027217
148593
622934
148148
632304
143239
591252
146363
1017400
89246
488173
102632
473448
146809
925030
153056
1026770
149040
469432
146809
486388
146809
818382
143239
667110
154395
639891
140562
644353
152164
1076748
153056
649261
92369
443105
149040
896917
94154
721550
155733
649708
153948
567601
150825
1130741
150825
572064
155733
916552
154841
1287813
105309
538597
150825
725566
93261
454706
104417
1236943
150825
732260
155733
565371
156180
744754
98170
505576
156180
745647
157072
698347
129406
1134311
173136
703255
171351
555554
167781
1045065
158410
601069
167335
741631
157519
616687
154841
1107091
156626
551538
165996
769743
158411
1189197
160642
736276
159750
723335
175813
1243636
159303
1434623
159303
735383
110664
718427
161088
1023200
158857
551091
159749
639890
96832
1011153
107987
756802
159303
743862
161981
462738
96831
1132526
170013
745200
164212
550199
170012
1023647
170459
599283
160642
588128
161981
1557335
149486
680052
153056
781791
165550
739846
165104
1402048
170459
700132
168674
694330
297634
1389553
165996
802318
166443
780006
167782
1759030
161535
474786
166443
681836
100847
1223111
169566
801425
179830
598838
174922
1477014
179384
716195
180276
487281
101740
577865
200356
1118247
180276
627842
163320
807673
173582
1213740
348057
808564
183400
803656
171351
1482368
104418
811688
190986
868360
104417
1165100
102186
618918
170459
821505
165104
1394016
164212
812581
177152
758141
172244
1445778
173136
785807
178491
780006
188755
1355640
157518
617579
184292
677373
178491
1282905
257473
924138
182061
826860
177153
1304324
180723
877284
215974
655063
183846
1160192
193217
857650
153949
814366
182061
1828642
181168
949126
171798
834000
191878
1094597
176260
726013
198125
626503
186524
1195444
185184
605977
186524
919676
179830
2244080
177599
614009
165550
643014
203034
1088796
179830
566263
189647
934401
183400
1098613
185185
808565
191878
807226
181615
977685
154395
581881
180276
547521
110218
981701
186077
639891
184292
810796
184738
1019184
181614
775097
186523
820166
191878
1161084
184293
579204
112896
589020
187416
1019184
186523
520748
112895
918783
187862
822844
184739
826860
188755
1145466
190093
846494
115573
603300
190986
1106199
186523
793839
230700
597053
191432
1272195
192324
841139
193217
760819
180276
1175364
192324
606423
191432
1579200
191432
878176
192770
824183
188308
1113785
195447
610439
191431
872821
195002
1162870
194555
853633
196786
783130
196340
1795621
194109
604639
194109
1183396
197233
921014
193663
609994
206157
1640334
204372
852741
139670
571171
194109
1009814
133868
542612
174475
1239621
147255
974562
135654
534581
177153
979024
209727
742969
136100
574295
175367
986610
198125
877730
191878
758587
187416
925922
136992
675589
139223
973223
146362
535473
191432
572957
199910
936632
118697
539936
197233
1361441
186077
528333
140115
540828
141901
1282012
189201
858988
202141
634982
195001
1141451
198571
884870
200356
1492186
204373
652385
188308
850510
145917
1101736
203926
1047296
204818
1519852
245425
843371
205711
906734
199018
1483261
197678
654170
236947
1261932
199910
1916549
421239
963852
188754
1478799
199018
912090
205265
950465
213743
1567598
188308
1137435
193662
1375274
206603
906289
220437
1076302
203480
1007582
124944
548860
145470
1128957
238285
897364
207942
694331
150379
1002674
143685
663541
211512
1118693
203480
573402
146809
641230
170905
1315926
214636
573403
190986
985271
219544
573849
138777
732260
136992
1016953
214636
580989
148148
1012045
240963
685852
154841
653278
212405
1326189
130744
583220
128067
1046404
151718
589020
178045
1016507
147702
593037
130298
896918
213297
1194552
148594
591698
148147
1009367
212405
597499
150379
661756
129852
1102628
130745
659078
145916
999103
134760
582328
213743
644353
162427
1022754
132530
688083
132083
1046404
148148
597053
153502
1013384
183846
730475
130745
597052
169567
1048636
216867
600622
149040
990179
139223
631859
137884
1007136
172690
1097274
288263
977685
228915
1394462
151272
850956
189647
1688080
162873
751002
241855
1056667
149932
704147
133868
605084
221329
1226234
222221
616687
145917
1094597
181169
699239
144131
1444886
190985
630520
134761
622041
148148
1158408
223560
641229
187862
1035249
188754
1026770
274430
1638548
215081
1866125
228468
688083
229807
1975897
319053
661310
166443
1115569
236947
1016953
230700
1513158
235162
1055329
228022
2972323
166890
651046
232931
665772
234269
1805438
240963
646584
250780
1421236
166889
740738
235608
1132526
230699
650600
139223
1045066
167782
637660
167336
647923
156180
1051759
140115
632305
159750
1059345
158857
653277
142347
1157069
158411
645691
164658
1069162
159750
643907
185185
1169117
153056
661756
245425
787592
240517
1606420
234269
786699
259258
1339129
153056
750109
238731
1566260
242748
927261
220883
1659075
223560
1174472
721551
1823286
241856
1080764
375724
1080317
229807
2259698
235162
1083887
234715
1612667
243194
1124940
244087
2630959
250780
989287
150825
1652381
223560
1191428
233823
2464070
287370
908519
248549
11156
219098
892
153503
1338
128068
22757
112449
15618
119143
26327
187415
37483
145470
51316
139669
64257
152164
84783
272645
119589
206603
93261
207496
107095
173137
148148
251672
84784
159750
66934
124497
108879
166443
20973
128067
12494
183845
26327
85676
16064
46854
16511
53547
38822
46854
21419
46408
29005
45961
31682
70504
31236
82552
37037
79429
20526
225345
33913
103971
37929
49531
24989
47746
29005
48639
43284
49085
32128
38376
27219
62025
31236
47747
46408
44623
47747
49977
42838
54886
47746
35698
51316
486834
60241
53993
39268
53994
53102
47747
56225
57564
34806
36591
58456
39268
2427479
77644
59348
57563
62026
59348
78536
56671
43284
53101
61133
51316
68273
53547
75859
55332
70951
54886
49085
56671
63810
38376
74074
58902
74520
61133
78982
51762
73628
56225
48639
50424
80321
49977
54886
60241
90584
60687
109326
63364
92815
60687
395358
60241
95047
65149
86122
49977
668003
62472
94601
59794
58902
58902
236947
66042
99062
54886
97724
57564
94600
56670
100848
39714
100847
58455
63365
39714
74073
47746
66041
70058
173136
59348
128960
39268
118250
58010
145917
58456
222221
77198
114680
57117
137885
56671
123606
59348
118697
64703
96832
2765274
123159
41053
126283
55332
74074
55778
80321
100401
75859
37929
76751
56225
119589
35698
137884
57117
82998
37929
84783
53993
93261
57563
149933
58010
533242
63811
83891
60240
163766
266844
152164
74967
131637
52209
92369
39268
99062
55778
120927
39714
146363
59348
148147
37484
149487
57564
112450
40161
196341
60687
304327
73182
792054
45515
92816
66042
100847
138330
157964
37929
107987
41499
166443
60687
177598
62026
97277
61579
153502
91031
166443
41499
103079
55778
108433
40607
103079
166443
925922
67827
155288
52655
116019
67826
170012
64257
174029
65595
219098
43730
179830
63810
107541
63364
159750
62026
111111
69165
188308
41945
580989
73627
190540
67826
237394
74074
179830
76305
192771
74520
148593
71843
190539
79429
116911
66934
224453
72289
184738
66934
175814
43284
704148
55779
132083
41053
131638
51316
123605
74520
258812
45069
195894
224453
243194
63364
212850
66934
206604
115573
218206
68272
803656
74966
214189
69612
294511
78090
372600
64703
276215
266844
250780
74966
303435
73627
253012
74967
553769
46854
197232
74520
765727
76305
261490
74074
238285
74966
221775
68719
257027
78090
352966
282016
259258
80321
261043
101740
157072
77197
623827
95047
260151
77197
264167
75859
177598
47747
180722
58456
185630
61134
169567
82106
283800
81214
2067373
98616
171352
73628
270414
85676
297188
87461
316375
76751
262829
77197
285586
96385
288710
76305
168674
53101
667111
58902
190985
78536
294064
77643
361891
80767
208835
60687
351627
115573
189200
50870
174475
55779
587236
61133
222221
69165
291833
88799
230253
86122
323515
91031
331101
70503
246318
106648
796963
163766
193217
57117
784022
82998
301204
82998
292726
78536
239178
87014
194556
53101
186969
64703
865236
85229
200802
64257
203034
65595
207496
62472
282463
85229
297634
83445
385987
84783
1028555
66934
211512
64703
291387
86122
307451
57117
216420
81214
216420
65150
200356
68719
641675
75859
225792
74520
233824
81659
237840
87907
290494
87460
304774
98617
308344
57563
685406
82106
327085
69612
224453
65150
224452
55779
326192
84783
345380
158410
248102
111557
616687
102632
359214
87461
323069
88800
228022
68273
308343
91477
331993
101740
1439977
145024
257474
97278
256581
98617
674250
69612
228023
70058
244979
88353
767958
99063
377955
94600
376170
102632
371261
95492
465862
279339
227577
96831
434179
97724
721104
71843
445781
98617
411869
103079
349396
97278
342703
97724
323069
109772
1023200
113342
235162
75858
269522
106202
397588
159750
442658
101740
449351
98170
956712
144577
372154
126283
439534
122267
484604
98170
241410
102186
262828
98170
629181
92369
457829
128067
370369
63364
256581
104417
271753
66934
951804
102186
292725
104417
352520
72289
277554
102186
431949
105756
383310
105756
1064253
106648
459614
99955
452475
103971
428379
270414
368584
107987
1217309
110219
514501
120928
559123
99955
446227
105310
484603
111110
494867
111110
1028555
119589
506468
122266
472109
68273
359659
120927
497544
108879
2054432
119589
477017
131638
439088
111557
465415
114234
723781
111111
1096382
83445
312805
115573
317268
112450
448459
111111
391788
112003
483711
103971
1573846
349842
767512
114680
441766
113788
465416
69612
450244
121820
867913
151718
321730
68273
314144
111557
407406
73181
539935
139669
795178
82106
514946
116019
442212
115573
436857
113788
504237
121820
945557
144578
2512262
118250
313698
70504
476571
74966
981701
119143
795624
119589
478803
109326
395804
116019
426594
119142
1174025
74520
311021
101293
522087
116912
496205
122713
478803
116465
1387322
141454
474786
113788
553322
121820
391788
160642
383756
122266
971884
124944
523871
124498
509592
124497
604193
126729
1373936
106648
524318
121374
802317
329317
565817
119589
542613
123159
1082102
127175
581881
135207
546183
134760
309236
126282
742969
125836
518962
129852
526995
125836
407852
124052
591252
129406
938417
115573
532796
121820
520302
126729
532350
118250
1108429
150378
572064
129852
535473
129852
319945
87461
650600
174922
904057
128067
456045
129853
618026
118250
489066
131637
1247652
132975
522979
158857
635429
130745
601069
134314
1472998
133422
616687
135207
586343
116019
535920
135653
626503
142793
605531
346719
635429
126728
601961
155734
553322
136546
1491293
128067
724674
138777
687191
135653
584558
171798
2101287
144131
643460
136546
601069
135654
649708
130298
1355640
138776
611332
134761
648815
136992
702808
142347
1020969
145024
614902
142346
645245
150825
415884
84337
1294506
142793
621596
139223
572510
149932
587236
128068
1138327
166889
576526
131638
753679
138330
631859
152610
1317711
139223
688083
140562
595714
137885
847387
116465
1157069
156180
669342
148594
520301
147701
486388
141008
1124940
142793
605085
142793
612224
145024
605532
136992
1327528
146809
577419
144132
580989
137439
1190089
148148
584558
157519
594375
1395354
662648
136992
1224449
141900
941540
257028
703255
150378
622934
148147
2965184
137885
673357
135207
1329312
142793
763942
229361
1417220
149487
622934
320392
603300
146809
5345362
161981
713518
140562
637660
154395
663987
152164
4081645
150825
512715
157964
539490
224006
1230697
107095
949126
147702
390449
148594
519855
151271
892009
152163
645692
149933
628735
110665
404729
91923
824182
163319
404728
108433
396696
105756
818382
107987
390003
107987
405174
107541
668896
147701
1024093
153502
412760
107094
629628
157964
590360
142793
718426
161535
432395
155287
414545
108880
809011
190539
520301
168674
745647
153502
1125386
156626
655509
147702
767066
157964
671573
132976
1358317
194109
660863
159303
2485489
162427
1277996
262382
1101736
199910
750109
134315
597053
160196
1572507
114234
447567
110665
425701
141901
966976
164212
596160
162873
417669
120482
1503788
198125
477018
131637
540382
121820
423470
167782
988394
161535
506914
120927
431502
126282
882192
165996
531903
166889
580097
169566
1983036
172244
531457
261043
668450
150379
1105306
142347
1118247
164211
749217
244087
503791
166889
1048189
164658
734045
214636
519410
99955
925922
123605
727797
174029
800979
149040
1049974
211958
443997
115127
461400
115573
904058
114234
460061
138777
539490
119589
543506
159303
949573
116912
451582
123606
727797
171798
1016507
130744
476571
170459
510485
171351
986610
209281
723781
324408
761264
173136
1202584
173137
535027
173582
527441
111111
1423913
153949
545290
122266
467647
164211
1177149
123606
478357
106648
735829
176706
1442654
107541
464077
173136
730029
111111
1226234
121374
535027
118251
460953
175368
924138
120928
476571
603300
587236
178492
1152160
184292
864343
168227
828199
175814
1601065
193217
1421682
178937
1095936
342703
8686270
212404
990625
179829
871036
111557
1029448
180723
595714
175814
598838
113789
2330648
192771
562693
111557
485942
137438
928600
134314
482819
121821
489066
181168
1015168
180276
561801
138776
636321
290048
1555996
187416
589020
169567
618917
182061
1543055
185184
563140
182061
874160
211512
1667999
183846
660417
192771
855865
163319
2017842
294064
923245
190986
1083887
165551
3537248
199910
859881
219098
1574738
169567
996873
193217
913428
300758
1369026
190539
898703
193217
814365
194109
4344027
189647
837123
184738
833107
217759
1691203
186523
846940
176707
841140
188755
1964741
190986
856757
189647
1371704
194109
682283
116020
617580
173583
1288260
208388
844709
192771
848279
192770
1157961
190093
608208
193663
845155
116019
1053097
186077
614902
180722
1209724
198125
1760368
219098
1323958
374831
1762600
197678
965190
177599
884424
196786
2631851
305666
2845148
199910
850957
211066
1379290
202141
5597035
216421
1588571
167336
561800
119143
840693
183846
1422574
210173
3176249
178937
1230250
203034
1460057
202587
888439
1162870
1970988
202588
993749
203033
1376167
185185
1367688
223560
1053544
253457
1391338
202587
936186
188754
1185181
232038
1285136
182954
944664
168228
899149
215975
1362780
195894
896471
203480
1264609
202141
882639
207049
1082995
208389
3803645
128067
884423
188308
1650150
210173
757695
191432
654170
134315
1357425
208389
854080
129406
697008
271752
1682279
182061
1110661
205711
1467197
192771
864343
182061
641229
207942
1345823
190539
890670
285140
1544394
214635
624273
184292
647477
202141
1560013
172690
672465
148148
1063807
208388
3623369
219098
993749
210173
1647027
211958
1197675
195002
2573396
130298
927262
756802
988394
205711
1023646
185631
699239
141454
1043281
232039
987502
221775
987056
217759
1007136
143685
584112
141454
980809
143685
1067377
210173
740738
144132
1006243
144577
588128
212851
989287
140116
958943
232038
1009367
144578
583666
150379
632751
213296
1085672
233377
1091473
164658
1588571
145917
593483
146363
595267
143239
1041495
141901
602408
144578
1040156
142793
594376
143686
577865
225791
1026324
215974
640337
132976
1041049
222667
912089
224452
1185627
218206
1245868
215082
726012
187862
3069601
227130
2211951
221776
10269933
153503
618471
135207
1213739
145024
688529
221329
626504
211066
1593926
256581
682282
313252
1314141
221329
728243
135654
1049974
147255
1647027
226684
1162869
243640
3142336
238285
1058452
234269
1935289
232931
1059791
235608
1187858
215528
976793
145917
701916
226238
1019630
183846
694330
156180
1007136
149486
613117
149932
1045512
150379
626057
149040
615348
150825
1069162
149933
2963845
155733
1125832
140562
701470
146363
1658629
232484
836677
312806
1053097
161088
618918
228022
828199
453814
1047297
232931
883085
215975
1258808
209727
718873
364568
1468536
193663
819274
238285
2418555
363676
684067
233823
635875
183846
1197229
280231
652831
166889
1094150
206603
4213282
230700
1038372
155288
634090
377062
1170455
222221
909412
239178
1441316
236055
1009814
157965
1265948
182507
1325742
232484
707717
233823
1239174
153056
1611775
300311
2751887
232485
1083441
232038
1508250
154394
672911
236054
1125386
236501
665325
245871
764834
2584551
1237390
241855
775098
236501
1296738
243640
1315925
255688
1555550
307451
954481
242301
1333329
146809
770635
240963
1361440
170905
733152
243641
17849
195894
6247
279339
5355
219544
104864
204373
182507
234269
40818075616
213743
11627881293
244533
102632
229361
149933
497990
158411
269075
116465
232931
211066
323515
149487
282016
1943684717
316375
5084855119
236054
767519348
199018
1130308772
226684
743448930
294064
767479635
226684
781588910
141900
804466561
187862
770331922
198571
742371736
221329
744182528
153056
782166328
167782
780551430
139223
780198018
193217
844795735
152610
735356144
145471
187862
149933
242748
64703
29004
92369
30343
68273
30790
64257
49532
65595
33021
65596
53102
90138
54886
87461
54886
66934
58009
110664
58009
95492
62025
91923
41053
92369
42391
112449
66488
83891
65596
57117
76305
99509
69165
1022754
51763
155733
74967
37484
76305
37483
48193
44622
627843
38376
51762
47747
62472
57117
82106
62025
54887
56671
84337
86122
84337
60687
245871
38822
92816
69165
50423
61579
56225
39268
50423
38376
85676
53547
53101
37929
53101
62026
92370
58456
89692
58902
56671
37929
56670
534581
103078
65150
58902
59795
76305
60241
59795
58456
516286
43284
62472
39268
95939
66934
134315
103079
101293
64703
64257
59795
65596
40160
82552
38822
260150
60240
68273
46854
110218
41500
116466
61133
110219
42392
75859
11156
253904
1338
176260
892
138330
17849
119143
22312
124051
37483
252565
54440
140115
65596
198572
69165
202587
99063
272645
118697
247210
137438
279785
199910
232038
189200
259259
163765
178045
378847
124051
107541
173583
33021
734044
37483
104417
25881
117358
27220
103079
19188
72289
30344
70504
32575
70950
33467
72735
34360
73627
36591
80767
38376
95493
39714
101739
178491
96831
41500
51763
47746
56224
46854
54439
45961
59348
53101
49977
53101
98171
50870
53547
51762
43731
47746
54886
3282452
50424
30789
53102
51317
51762
53547
38376
54886
53994
44177
50423
54886
55778
56670
56671
63810
54886
59794
73628
63364
56671
61580
55332
62472
54440
65596
59795
68273
53101
53993
56224
66488
56225
66042
58456
66934
61580
75412
58902
46408
43284
72735
43731
47300
54886
88353
70950
179830
58009
80767
59349
92369
55332
892009
56671
81659
57117
132083
62026
109772
58902
88353
63811
93262
102633
90584
58902
94154
58902
99062
58902
93708
58456
98616
57117
157073
57117
96832
60687
105309
55332
125390
211066
90584
57117
129406
58010
104864
87014
128068
61579
733599
57117
112003
87907
113342
63810
118697
58456
113342
76305
122266
57563
122713
66488
116465
41053
82998
97278
119589
59794
133869
52209
129853
54440
122713
61579
124944
62472
124052
63364
157965
60687
140562
63811
1637655
62471
131637
58902
140561
81213
125390
101740
130298
56225
136546
166889
145024
160195
148148
60687
136992
59348
141901
56225
141901
63364
143239
158857
145024
56671
150825
58009
770189
62026
146809
62919
153056
61580
154395
60241
105310
58010
171352
82552
97278
41053
191432
62918
161088
60241
156626
65596
149487
63811
256581
67380
108879
67827
672465
69166
168674
67827
172244
61579
168674
67827
153502
58902
171351
64257
176260
70950
178045
62918
176706
68273
774205
120035
168228
78090
772866
70950
738953
68719
212405
199464
220436
78089
173582
74074
178045
69165
216866
76751
184292
73181
717980
73181
190986
71396
203034
94600
190539
74520
668449
67380
192324
79429
424809
70504
202587
66487
199910
74966
196340
74520
208835
77643
210173
70057
199464
63364
202588
70951
764388
74520
205265
77198
207050
70504
212404
74520
128960
49086
129407
71397
130745
79875
219544
66041
217313
47300
257473
45069
680051
75413
201248
150379
299419
73182
237393
75412
223114
76751
227576
71396
250780
71396
242301
78537
433287
534135
1010706
77198
255243
100847
246317
83445
256581
94600
294956
76305
449798
100401
258366
71397
285586
82552
267736
87014
801425
75859
264613
91477
267290
84337
278000
70504
488173
81659
270414
77644
275323
77198
264613
77643
848725
83445
290048
78536
278446
79429
309236
85230
272645
89691
278000
84783
301203
124497
280231
80321
937079
77644
314144
80767
303435
85676
202588
83445
291387
86122
316822
87460
381078
89692
303881
87907
796963
82998
758141
103525
302542
159304
310574
85229
304327
87014
315483
81214
321284
91923
310574
90584
1197229
86568
379740
81213
315483
95939
320838
91476
318607
86568
325747
188308
395357
85229
1197229
85229
363675
159303
364122
99955
362337
92815
774652
86122
413207
90584
392681
138777
969653
96831
389111
89692
492189
117358
347165
95939
551091
584112
355197
81659
395804
97278
961621
94600
377063
95939
378401
99509
378847
104863
372600
95939
372600
88353
388218
99509
1041050
88800
369923
96386
352966
95939
363676
97278
348504
91476
367245
98170
962959
94154
393126
98170
381524
98617
350735
95493
352074
99063
407852
99955
573849
99509
1077640
92815
440873
99955
375724
97278
378848
101294
381971
101740
617579
99955
887101
99063
357874
104418
375724
107987
386433
101293
409190
97724
377954
97277
1001335
147255
1720208
102633
484604
101740
455152
97278
1149929
106648
477463
136100
923692
103971
394465
98617
418116
105756
579203
100401
396251
96385
401159
261490
1207493
105756
394465
98170
392680
102633
401159
103971
374831
94154
395358
103079
1006690
100847
398035
103079
778222
115127
466308
136546
452921
104417
1029001
103972
438195
103525
460507
104417
418115
114234
433287
107987
431502
102632
9783544
106202
458723
104417
785361
102186
594376
113342
939756
111111
1454257
111557
426594
109772
507807
119589
868806
201695
542167
103524
433287
128513
1142343
107095
445335
101294
429718
110219
422131
113342
481926
107987
1102183
113342
451136
116465
458722
114681
473894
113788
1127617
279785
1565367
111111
458276
111111
442212
102633
527441
111557
440873
116019
1101290
164212
625611
98170
481926
113788
570725
112895
470771
120927
1085226
113788
554215
112450
443997
115127
645692
113788
473448
120482
1018292
107541
532350
256135
504237
109325
519855
135207
471216
120035
1024985
119142
458276
182507
485942
119589
457383
123159
469432
120928
1061129
121820
511823
118251
497098
122267
483711
120928
489512
453368
1316372
115573
482819
116911
485495
116912
490404
116019
1455595
123605
472109
119143
621149
124051
707271
125836
495312
116912
1193659
101740
486388
126728
495313
120035
553769
132976
521194
128514
1022755
120481
563586
130299
1038372
171798
510038
126282
1099059
122267
488619
305220
651047
124498
1534131
117804
500222
120928
1056221
121374
503792
118250
503345
121820
522533
131637
1099505
141455
535919
631858
506914
123605
513162
124051
1222664
124498
530565
118697
570726
129853
517178
127175
532350
128959
2635421
123605
518071
128068
524317
128960
524764
134760
1113338
140115
598391
129406
800086
130298
538597
123159
1143236
122713
528780
120928
525210
134314
540382
124051
1097721
132083
549306
136992
534581
127621
542613
127621
538150
132083
1109769
133422
530118
130299
541721
121374
535474
140562
1077193
135653
539043
137438
606870
140561
689422
131191
1340914
142347
594375
136099
572510
138331
731367
134760
1313695
137884
572956
137438
554661
243194
585004
129406
1149929
132083
672465
129406
619810
156179
551983
136546
1435515
136099
616686
138777
570725
179829
705932
140562
1134757
139223
680943
279339
1921457
138777
593036
176260
1108429
128960
581881
150378
633197
147255
611778
141455
617133
134760
610440
145917
680051
143685
1127617
142346
603746
128068
585451
145024
645245
141008
1126726
147255
615348
144131
622041
145916
682282
148594
1811685
147255
580542
147256
624719
147255
635429
145470
1137435
143685
611332
150825
615795
148148
1391785
140561
830430
146363
682282
177599
615348
146809
1964295
145917
657740
158857
629181
151717
634090
149040
2258359
135207
726906
157519
612671
167335
2841133
149487
659078
211512
781791
171798
1742520
243194
1456041
143686
675142
156626
628289
157519
1213294
148594
623381
139670
629182
144577
670234
157518
1255685
142346
794285
153948
663987
160195
1896915
137438
622488
157518
662202
154841
809011
170906
2118243
171798
672465
159304
665326
173583
1803652
158410
647477
163320
693438
159303
692546
158410
1188305
206157
689422
162427
725567
143239
1270411
161089
1896022
163766
751001
163765
693438
163766
12432798
425255
2497537
175368
695223
150379
1358763
155733
709502
152610
773312
165551
1588125
165551
667557
153949
668896
155733
792500
157073
1882189
167781
713518
165550
968760
168228
2568041
162427
662648
261489
768404
163320
1904500
170013
787592
167335
720658
166443
671126
169566
1365457
156626
752787
172244
725120
195894
1281567
166443
721104
165105
2012933
174475
1451133
169120
723782
203480
728690
170013
1624715
167335
1139666
182953
709056
160196
1067377
171798
767065
178938
700131
166443
705932
197679
1287368
240963
767958
173582
726458
161535
1727348
149933
765727
149933
712180
161088
1275319
163320
721996
173583
836677
1234712
1679601
172690
797409
178491
738507
157965
1293169
169120
732706
193217
765281
192770
1246760
174921
864343
173136
793839
154394
1410972
170013
732259
175814
722443
170459
1383306
167781
1252561
171351
795624
173136
1274873
175814
735384
165996
740738
176260
1290937
194555
751894
186077
742077
203033
2338233
175368
809011
170459
731368
172690
1318157
174475
898257
171351
745647
170905
1325743
175814
807672
179830
814812
164658
1338237
169567
1285583
177599
828199
177152
1297631
193663
797409
190539
735383
182507
1388214
170013
772420
205711
866574
162873
1286474
184739
870591
171352
775990
186077
1349839
269522
800979
181168
789823
178937
1327527
185185
771974
174921
784915
181615
1395800
175814
2230247
176260
763942
187862
1583662
188308
795624
318606
879961
166443
2293164
183400
1055329
189201
1326189
172243
875052
191878
797409
186969
1752783
200803
826414
198572
827753
181615
1340914
188308
812135
191877
741631
178491
1346715
188754
697901
189647
597945
203926
1290490
180276
828645
187415
1707714
188755
802764
179384
1059345
192770
1144128
197233
795624
187862
850956
179384
1357871
178045
870144
186077
892901
192324
2275762
186077
804548
187416
1325296
185185
810350
191878
842924
195001
1256577
192770
895133
197678
1039264
198125
1417666
182061
742969
250334
1563136
241856
697900
202587
884423
195448
7203902
4990611
889332
203479
911197
204373
1422574
198571
879962
201248
1375720
199910
964744
197679
1070054
272645
1510035
305220
925030
240963
1048189
324854
1438638
201695
896472
205264
1522529
189201
904504
193663
899149
199910
1435515
202141
942433
214189
945111
184292
1615344
268629
951803
198571
1818378
680497
916105
200803
1217755
246764
1578308
212404
964298
213743
1496648
244979
920567
463631
949573
201695
1506019
195894
865682
210620
1619807
212404
867467
201695
1036587
197679
1482368
208389
1071393
178937
1929042
304774
937971
212850
928600
191878
1629624
209281
932169
213297
946449
219544
1175364
192324
904058
219544
2472995
218652
961175
214635
922799
215082
942433
242302
943325
207050
1281120
186969
921907
210173
1414989
215082
682282
210619
957604
211958
1816593
195448
1052205
491296
1742966
211959
1045958
254350
1216416
253904
1519852
236501
941094
228469
1861662
231593
1619361
237393
1110215
218205
1746982
201695
1091027
271306
1867910
199018
1082995
217759
1068269
224453
1674693
226237
923245
195002
1523867
218205
966083
269522
1340914
213297
1098167
213297
1832211
221775
1510481
222222
2277101
212851
1406510
223114
629628
154841
689868
220436
1692096
215528
1240067
182953
1302092
218206
591252
215528
1270410
233377
1012045
155733
602854
158857
1022308
161981
607316
214189
1030340
214636
1004012
155733
1027217
147701
594822
153948
612224
187862
1091027
212405
977685
205265
1427929
222222
618026
230699
1208385
171798
1245868
226684
758141
153503
1062023
144578
654616
149933
1236051
173136
1746536
206604
1216417
160642
625611
225791
805441
141008
1060684
178937
619811
145916
1228465
191432
838908
158857
1060237
151718
706825
140116
1622931
230699
642568
228468
774652
232485
1427037
207049
980363
284247
2208828
163765
636767
153056
2755010
218651
1080764
235162
1179826
229361
635875
158411
668895
245425
2586782
199464
697454
157072
1478799
199464
639890
161534
1267733
154841
654170
231146
1153499
232930
638552
158857
634536
154841
2126721
244979
646584
152164
1042388
235608
756356
159304
1080763
157519
890225
363676
1292722
232484
771974
144578
1306108
215081
896471
226684
896917
236055
1190089
252118
670234
144578
1140558
304774
915660
237840
1472552
237840
695223
145024
1078086
240517
1258362
220436
1582770
238732
680944
151717
1169563
158411
665325
157965
1506018
228915
666218
239624
699239
149040
15618
319053
336456
195894
160195
177152
335117
