16510
5801
6247
48639
22312
39714
16957
1339
893
26774
22311
29451
55778
74966
84783
106202
117804
141900
103971
195894
435072
66042
191432
21419
24096
24989
23203
25435
27219
29005
29004
47747
29897
33021
34360
37483
36591
39268
37036
39714
52655
55778
45515
46407
63364
3378837
47746
53547
50424
55778
58456
58455
58010
59348
59348
97277
62472
69166
64257
67381
68719
72289
68719
72735
71396
52209
75858
134315
199464
82552
91923
89246
780006
123159
87907
84337
88799
88353
91477
91923
102633
96832
96385
96832
62918
103079
104863
103525
143239
177599
66934
601515
263274
94600
94601
73628
116020
75859
116465
77197
112449
181614
141454
200356
127622
125390
126729
90138
680944
128514
245872
151271
130745
136992
127174
318607
136099
143240
145470
141901
164212
154841
1723777
181168
151717
150379
170013
156179
161089
114234
155288
170906
161981
163765
123605
551538
190986
543951
167335
172690
201695
165550
171797
207050
107541
176260
186524
903165
173583
177598
174922
191878
331101
185184
248549
214189
201695
201695
806780
130298
198572
191878
201695
231592
196341
198125
205711
343596
967868
144132
202141
214189
205711
222222
239178
300311
132084
224898
927708
261935
267737
263274
220882
224899
251227
231593
633197
635875
163765
295849
191878
260597
265506
182508
304328
268629
686299
161088
192770
203926
436410
455152
308790
274877
824629
312359
277553
305220
355197
286478
295850
244533
811242
285585
319499
214635
290940
178938
294957
298973
1481923
293171
300758
294064
213296
314144
432841
348504
1372151
310128
327085
391788
311021
302988
484603
830876
319053
315929
206157
305666
312359
329763
690315
342703
362783
340472
450690
352520
316821
3454249
340918
307897
371262
631859
356090
426593
1223111
796517
413207
406067
354304
347165
1224896
364122
380632
350735
458723
392681
651939
908520
373047
370369
388218
669342
775544
1011153
463631
384649
413653
437750
405621
1048635
397589
394465
344934
333332
500668
879961
396250
430610
387326
409637
407852
997765
707718
415438
433734
402497
432395
1536808
406513
410975
443550
954035
1049974
420347
413653
413207
469431
427486
1076748
611778
459168
424808
440427
925923
419454
414991
433734
434180
427486
917890
462738
437750
418116
526995
896918
426147
452921
370369
444889
1020077
455152
517625
514947
489958
1500664
425255
451583
453367
456937
1213293
507807
701023
382863
504238
1166439
503791
565817
466308
701470
1024985
457829
463630
515393
481926
1069607
478357
484157
397143
493527
928154
493082
464523
645691
1039711
478356
486834
564032
606424
1142343
549753
734045
515839
526995
1129849
490404
639444
525211
1214186
498883
633197
519409
638106
3246307
867466
531457
668895
1226234
515393
509146
510038
4442197
1035248
529673
536366
490850
1066930
1154837
425255
435518
1081210
567155
537705
556000
1124048
557339
446227
553323
1087457
561800
538151
647923
761711
1181165
626503
652384
691207
1160192
531458
538151
686298
2163312
607316
600622
581434
1173579
575187
561801
616241
1298522
568940
593929
603299
1135204
586343
597499
638998
1193660
618025
601961
569386
1143236
633198
588574
595267
604638
1103075
618471
1147698
607316
618471
582327
1143235
614455
581881
3045059
1966972
648815
866575
614902
1177595
718427
625611
1294953
606423
630966
911197
1209724
616240
620703
694330
1923688
618472
622041
1493078
680944
625165
657740
1194552
745201
662648
1217309
625165
653277
700131
1478353
659078
837124
1238728
643014
537258
680498
1301646
668003
666218
1095043
671573
572510
478802
1189644
674251
686745
1111107
727798
770635
797409
1354301
767512
747432
1249884
726458
673357
1364118
732706
701470
788931
1176702
816597
874606
1295846
684067
718873
1345823
775097
518071
1507357
1409187
762603
530118
1508250
755909
580988
1126279
759926
1038818
1266840
563140
535474
581434
684067
733152
748324
1320834
716642
745647
1330651
673804
753232
1372151
1174026
738061
1512266
740738
954927
1887098
762603
758141
1392231
751001
814366
1406956
899149
1160192
1652828
859880
799641
1525653
802317
651938
2215521
896472
1103967
1303431
758141
795624
1804099
761711
794285
1342253
938863
754125
1340914
817043
895133
1453364
854526
784468
1389107
3617123
736722
1719761
979024
937078
4635414
812135
791608
1363672
844263
847833
1569383
872821
503791
2058002
638998
784469
1284689
829537
1369919
900488
684067
1349393
842031
902719
1550195
639445
848279
1370366
827752
847833
1437746
820612
1386876
828199
3764824
1366796
820167
865681
1348946
1099505
857203
1440870
802764
1448901
1958494
884423
1460057
867467
1168224
1426144
839801
1431499
878177
873268
1453810
828645
887101
1510035
817489
1418112
890224
882192
2131184
869698
1037479
1713961
965637
1390445
850064
921460
1705037
921014
884424
1413650
949572
1540824
964298
904058
1219987
921907
2590798
858096
1463181
3315919
1113339
2176252
924584
997765
1483261
1341807
2503784
886208
895579
1445778
865236
1053097
990180
895579
1541271
887547
953142
907181
897810
1445778
894241
3203915
1271303
962959
1521637
977685
1501557
974561
763496
1251223
1164209
2229800
998212
962513
1124047
922353
1540825
1038372
1081210
1521190
1008475
1597495
1033463
1459164
978578
2142340
1570275
1120478
1605527
967421
945110
1180273
948234
2526541
905842
1544841
1419004
1090135
1780003
1078532
2069159
1075409
4944650
1619807
975900
1535023
1048635
1722439
987055
1585001
1352517
952250
1557781
962067
1320834
989287
1398924
975900
1147698
2069158
990179
1420790
980809
1551088
620703
2299412
997765
858989
1425697
765280
1263717
641676
1333328
920567
1427483
999997
1193659
3851392
1024539
2057557
994196
1714853
780006
2126721
1038372
773759
1472105
1201691
1688525
1153945
1185181
1050420
1438192
1472998
6208367
1153053
1161530
1665322
853634
2015164
889332
2100840
874606
2978570
885316
1878619
1107091
1279335
1037926
826414
1033017
1041496
