1105575
2314269
3349112
3772364
5981900
6845085
8014783
8621440
9136196
9669523
10106164
10500934
10864279
11238485
11817924
12619893
13077877
13487831
13902310
14440090
14845308
15241440
15713513
16829279
19552990
20395530
20958206
21356129
21734703
22111135
22489458
22903834
23955269
25539928
26371293
27075024
27481076
27896672
28696622
29168753
29788424
30339923
30751553
31146065
31578912
31982093
32361204
32871302
33274302
33766511
34137361
34582275
34976494
35333893
35893843
19084
370797
802816
1122571
1456751
1756903
3445491
3812184
4886557
5154170
5409261
5707946
6153806
6494596
6934980
7333931
7703779
8074137
8612447
8991052
9453390
9794402
10142775
10419546
10762815
11096895
11434906
12071452
13078748
13789849
14489998
14853316
15187367
15515421
15960811
16414989
16778181
17120571
17462834
17810992
18154070
18585772
18901821
19223204
19642837
20140118
20521636
20897855
21281305
21752048
22104660
22457459
22930835
31862
405188
826614
1114693
1487642
1776311
2393264
2781557
3075001
3351290
4441985
4862204
5847357
6179152
6587246
6875593
7149445
7421785
7732829
7995406
9219523
9566652
9774896
9969382
10225264
10495955
10885487
11163415
11452652
11735696
12004483
12255156
12502755
12759875
13001538
13368363
13622938
13906278
14194685
14478712
14768507
15047570
15328940
15612436
16027198
16323540
16715852
17005336
17275310
17561912
17839882
18113712
18524030
18808520
21258606
21693212
22127055
22625559
23367904
23709053
24128401
18268
468875
765014
1060060
1336071
1673935
1970951
2275561
3495918
3878015
4422385
6060113
6594659
7511970
7835290
10798
3041705
3337600
3598298
3862316
4117233
4389936
4644594
5002172
5264567
5631868
5884527
6133013
6375562
6630773
8386199
8887685
9228831
9667599
9992774
10278601
10640251
10922180
11205383
11478281
12130968
12574200
12950358
13256910
13551587
18842532
19359855
20229365
20629217
20936919
21354293
21693969
21974286
22274572
22573824
23037481
23344667
23712557
24111336
24772956
26951880
29443057
29901287
30414826
30727335
15847
400350
670904
938987
1192543
1451155
1701782
1974662
2523613
4292938
7131484
8825735
9177808
9474890
13002322
13583684
14585551
15785257
16223632
16473876
16745366
17023890
17715494
18001283
18278633
19196251
19558790
50631795
51429913
51693468
51939649
56019649
56369586
56641215
58358536
58872759
59234578
59570763
60025143
61718537
64495338
64878722
65161617
65616137
65918221
66529182
66928985
67402930
67705254
67996038
68296886
68668258
68982735
69263884
69525807
70131028
70881000
72118807
73018764
73335428
73593852
73934110
74196541
74448740
74708206
75111445
75426413
76212145
79236312
79608026
79877000
80127484
80554120
80817636
81267787
81920162
82366670
82667189
86333448
86729520
87013261
87412936
87747370
88020951
89664295
90651830
90964120
91238329
91524070
91809705
92203884
92616236
92929353
93212279
93568518
94154812
95286431
14399
336235
673994
908960
1152396
1396205
1636460
1886591
2275085
2651581
2900718
3132579
3366600
3710259
3932820
4193332
6211077
6476928
6740690
6980659
7328697
7553207
7784499
8062806
8298190
8639698
8977923
9379015
9653446
9921232
10220230
10624257
10878225
11123237
11418148
11681292
11907581
12149520
12450276
12780024
13153665
13400436
13643585
13901125
14138737
14417226
14678066
14935782
15421487
15854372
16589329
17018804
17348811
17688019
18042394
18382250
19357248
20382433
20743264
21024755
21293978
21579084
21846663
22097896
22363063
22661006
22944707
23222758
8876
262215
596927
814911
1036775
1266646
1471998
1694092
1947801
2118698
2274646
2429371
2588953
2745479
2941551
3119017
3339115
3580762
3790277
4020277
7227136
8381555
8737551
9000118
9378404
9799086
10079761
10354650
10752835
11013242
11287362
11557398
11936786
14288296
14604293
14860504
15237767
15498029
15755344
16017415
16478998
16760502
17157027
17473452
17905227
18294038
18605095
18899562
19505130
19795990
20186434
20525523
21038814
24235819
24560812
24856884
25292519
25627804
25927852
26210114
26510602
26828676
27110705
27388773
27670400
28072926
28358561
28941456
29286007
29587346
29867759
30177295
30484588
30787284
31353887
31694852
31993835
32290296
32782984
33113085
33408372
34911448
35382774
38436047
38751811
39059966
39357387
39639358
39941233
40230032
40640793
41583876
61361798
62936187
63366668
63669301
63965226
64266142
64687320
10742
418194
663987
874214
1076255
1275783
1478640
1680965
8166083
11263597
11496227
11723473
16139907
35253424
35503073
35710962
35916467
36111163
36321669
36533905
36750404
36966732
45192570
45581625
45874240
46368452
46833829
47061648
47273868
47491144
47838486
48051680
48251265
48672188
48933756
49190681
49442254
49692208
50115723
50350754
50667203
51003672
51365981
51602357
51839204
52068615
52302996
52537802
52778776
53010137
53434644
53732452
54079904
54374658
54669281
54940311
55315641
55577079
55852038
56125618
56391495
56747544
57174937
57512673
57791400
58071704
58375515
58733706
59168502
59466614
59736123
60112565
60357084
60607467
60855835
7283
272822
583574
796326
1011286
1222967
1455999
1674158
1888936
2098064
2375295
2583576
2797806
3013820
3233224
3448933
3661192
3867461
4071151
4283548
4496083
4703974
4921816
5265474
5699292
6662769
7285744
7583099
7849579
8320231
8613799
8938303
9196724
9561358
9816305
10080433
10353384
10733312
11047735
11306504
11684087
11945786
12175587
12488329
12726721
12978219
13300333
13663266
13968211
14220546
14591645
14851789
15093189
15354607
15626734
15872769
16176980
16419419
31361664
31757789
32083800
32353804
