278000
176706
160196
168674
172244
173583
217313
198571
209281
213297
245871
279339
285139
254796
178491
99955
219990
201249
280231
112450
74520
74966
87907
56225
172690
72735
99062
118697
157518
101294
55779
55333
51762
54440
54886
70504
53547
52655
57563
55779
56225
56225
54886
58902
53547
73628
53547
55333
70504
62472
55332
54439
60241
60241
56670
58010
71397
771081
56224
55779
63810
56671
54886
58010
60241
56671
60687
65149
71396
62472
59349
65596
64257
297188
235608
61579
56671
58009
57563
55778
59795
69165
61580
40606
59794
55332
57118
62918
59795
61580
57563
71396
65595
73628
180276
59348
54886
60241
57563
58902
58009
58902
63364
61580
61579
62026
58902
218205
228022
65150
57563
64257
63811
58456
61133
58456
54886
62918
65149
63364
60241
74966
65149
66042
62918
236501
64257
63364
62918
60687
66934
81659
67380
41499
64257
41500
42391
64257
67381
67380
66488
75413
67827
69165
65150
70058
70503
72289
73182
66488
69612
84337
66934
75413
65149
68719
80321
72288
73181
111111
73182
82998
68272
72735
75859
90584
70504
78536
125390
50870
46408
73628
74520
73628
78090
84783
78090
70950
109772
74074
169121
73181
90584
81214
103078
75412
79429
78536
49531
79428
75412
77643
78536
76305
85676
78982
78983
82552
86122
82999
88799
88800
87461
82106
80767
89246
86568
81213
84783
85676
80767
77644
81660
107541
86569
105310
190093
80767
84338
87014
88353
81214
76305
78982
88353
90584
85676
88353
85229
86122
90585
91923
77197
74966
136992
83891
88353
87907
93708
89245
89245
88799
131191
93708
94154
91923
89246
100847
85229
94154
104863
94154
107095
89692
103079
98616
92815
97724
88800
204818
98616
111111
99955
98170
96385
101739
100402
106648
97277
101294
101740
99062
99509
99509
99955
105756
103078
107094
92369
311913
123159
100402
99508
98170
97724
100847
99509
103971
97723
103971
111557
100848
102187
114234
106202
104863
105756
102633
101739
129852
104417
124051
107094
103971
103079
112004
102633
105756
139669
105756
110664
105309
109325
108434
108879
113788
110664
109326
109773
178492
106203
110219
109325
387326
112004
116019
108879
112003
102186
110218
114680
107094
111557
107094
111557
114681
116019
117804
110664
115573
132083
112896
120482
304328
227130
126729
109326
116912
113342
344934
119143
117804
109325
165105
117804
123159
119143
117358
119143
111111
123605
118696
121820
113788
124051
144578
124051
127175
142793
208388
133422
116020
304774
117804
120036
126282
126729
129852
395357
236947
154841
132976
112003
128513
127175
132084
129853
134314
130745
124051
130745
130744
128068
128514
129853
131191
135653
179384
133422
135207
134761
136545
125390
135207
133422
135207
132084
127175
222668
133868
131191
145470
176260
124944
137885
146809
135653
138777
139223
132976
140116
136099
137885
143686
146362
156180
139669
136100
146809
142347
141900
140562
132084
253904
138330
144577
142793
133868
143239
132529
145470
190539
138330
144132
141454
148148
145917
139669
138331
144578
151718
143686
187862
202587
358321
147255
144132
149487
146363
148594
171798
142793
142347
145024
133422
140116
138777
170906
151271
188308
149932
155733
153502
153949
155287
157072
151717
155733
161534
250780
158410
4860759
140562
144578
156626
157072
156180
154841
149486
160642
149486
158411
157073
158857
160642
152610
278893
164211
281569
172690
174028
166889
161088
196341
162427
150379
155287
157519
151271
150379
159750
163766
249888
167782
182061
168674
175367
165105
151717
160642
165551
163319
168674
165551
163766
168228
173136
174922
166443
168228
174028
155734
167781
173582
177153
170013
159750
167335
164658
177599
171352
229808
164212
208388
164658
187415
162873
175367
158857
169120
182507
169121
169566
170459
168674
177599
175813
203033
271307
166889
177153
189647
176706
168674
182061
162427
182507
175813
178045
178491
179384
183845
171351
182061
200356
196340
187862
179830
186077
187416
184292
180723
175367
192324
181169
190093
166889
196787
195894
205265
150378
181168
187416
195001
184738
175368
190093
185631
170459
184292
187862
185631
173137
182508
186970
191432
192324
238731
192324
178491
192324
185630
192770
190093
172244
190986
191878
181168
329762
176706
217313
182953
204819
191877
190985
191878
192770
198571
249441
189647
195894
189647
199018
197679
192771
196340
195894
298972
215974
199910
200356
254349
191432
206603
203034
202141
195894
861665
201695
238286
282463
199017
244979
203034
190093
205265
192324
210174
218652
206603
209281
190093
269522
225791
203927
244979
196341
206158
210173
207050
205711
207496
212405
219990
203480
199464
211066
232039
212405
311913
200802
201694
262381
209281
209727
225791
180276
222667
208835
187862
208388
212851
210173
195002
207050
576527
217759
213743
180276
203926
217759
217759
218652
218651
296741
199910
214636
221329
219098
206603
217313
209727
251672
372154
227130
984824
220437
222221
206157
221329
222667
218652
208834
212404
193663
222221
224007
228915
212850
232038
204819
233824
215974
215975
202141
555554
224453
228022
218652
275323
216420
249887
221775
164658
203926
219544
223560
182061
243640
217759
220437
178938
230699
219990
162427
228023
238731
207496
229807
237839
224006
143239
231593
239624
215081
318160
252565
232931
409637
232485
233823
1153053
224899
234270
228469
232038
236501
236500
217313
235608
242748
284693
265951
225791
215528
240963
226237
221775
234716
237393
249442
292725
228022
240517
185185
202141
240071
304328
231146
241856
